362,37
362,36
362,35
362,34
362,33
362,32
362,31
362,30
362,29
362,28
362,27
362,26
362,25
362,24
362,23
362,22
362,21
362,20
362,19
362,18
362,17
362,16
362,15
362,14
362,13
362,12
362,11
362,10
362,9
362,8
362,7
362,6
362,5
362,4
362,3
362,2
362,1
362,0
361,3
361,2
361,1
361,0
360,5
360,4
360,3
360,2
360,1
360,0
359,3
359,2
359,1
359,0
358,3
358,2
358,1
358,0
357,4
357,3
357,2
357,1
357,0
356,5
356,4
356,3
356,2
356,1
356,0
355,5
355,4
355,3
355,2
355,1
355,0
354,5
354,4
354,3
354,2
354,1
354,0
353,5
353,4
353,3
353,2
353,1
353,0
352,5
352,4
352,3
352,2
352,1
352,0
351,5
351,4
351,3
351,2
351,1
351,0
350,5
350,4
350,3
350,2
350,1
350,0
349,5
349,4
349,3
349,2
349,1
349,0
348,4
348,3
348,2
348,1
348,0
347,12
347,11
347,10
347,9
347,8
347,7
347,6
347,5
347,4
347,3
347,2
347,1
347,0
346,5
346,4
346,3
346,2
346,1
346,0
345,7
345,6
345,5
345,4
345,3
345,2
345,1
345,0
344,5
344,4
344,3
344,2
344,1
344,0
343,5
343,4
343,3
343,2
343,1
343,0
342,5
342,4
342,3
342,2
342,1
342,0
341,5
341,4
341,3
341,2
341,1
341,0
340,5
340,4
340,3
340,2
340,1
340,0
339,5
339,4
339,3
339,2
339,1
339,0
338,5
338,4
338,3
338,2
338,1
338,0
337,5
337,4
337,3
337,2
337,1
337,0
336,5
336,4
336,3
336,2
336,1
336,0
335,4
335,3
335,2
335,1
335,0
334,3
334,2
334,1
334,0
333,3
333,2
333,1
333,0
332,3
332,2
332,1
332,0
331,73
331,72
331,71
331,70
331,69
331,68
331,67
331,66
331,65
331,64
331,36
331,35
331,34
331,33
331,32
331,31
331,30
331,29
331,28
331,27
331,26
331,25
331,24
331,23
331,22
331,21
331,20
331,19
331,18
331,17
331,16
331,15
331,14
331,13
331,12
331,11
331,10
331,9
331,8
331,7
331,5
331,4
331,3
331,2
331,1
331,0
330,3
330,2
330,1
330,0
329,3
329,2
329,1
329,0
2,12
2,11
2,9
2,5
2,3
2,2
2,0
1,3
362,38
362,41
362,42
362,44
362,45
362,47
362,49
362,50
362,52
362,53
362,55
362,64
362,65
362,67
362,68
362,70
362,71
362,73
362,75
362,76
362,78
362,79
362,81
362,83
362,84
362,86
362,87
362,89
362,90
362,92
362,94
362,95
362,97
362,98
362,100
362,102
362,103
362,105
362,106
362,108
362,109
362,111
362,113
362,114
362,116
362,117
362,119
362,121
362,122
362,124
362,125
362,127
362,129
362,130
362,132
362,133
362,135
362,136
362,138
362,140
362,141
362,143
362,144
362,146
362,148
362,149
362,151
362,152
362,154
362,155
362,157
362,159
362,160
362,162
362,163
362,165
362,167
362,168
362,170
362,171
362,173
362,174
362,176
362,178
362,179
362,181
362,182
362,184
362,186
362,187
362,189
362,190
362,192
362,194
362,195
362,197
362,198
362,200
362,201
362,203
362,205
362,206
362,208
362,209
362,211
362,213
362,214
362,216
362,217
362,219
362,220
362,222
362,224
362,225
362,227
362,228
362,230
362,232
362,233
362,235
362,236
362,238
362,239
362,241
362,243
362,244
362,246
362,247
362,249
362,251
362,252
362,254
362,255
362,257
362,258
362,260
362,262
362,263
362,265
362,266
362,268
362,270
362,271
362,273
362,274
362,276
362,278
362,279
362,281
362,282
362,284
362,285
362,287
362,289
362,290
363,1
363,2
363,4
364,1
364,2
365,0
365,1
365,3
366,1
366,3
367,1
367,2
367,4
368,0
368,1
368,3
368,4
369,0
369,1
369,3
369,5
370,1
370,2
370,4
371,0
371,2
371,3
371,5
372,0
372,1
372,3
372,4
373,0
373,2
373,4
373,5
374,0
374,1
374,3
374,5
375,0
375,2
375,3
375,5
376,0
376,2
376,4
376,5
377,1
377,2
377,4
378,0
378,1
378,3
378,4
4,3
379,0
379,1
379,3
379,5
379,6
380,0
380,1
380,3
2,1
380,2
379,4
379,2
378,5
378,2
377,5
377,3
377,0
376,3
376,1
375,4
375,1
374,4
374,2
373,3
373,1
372,5
372,2
371,4
371,1
370,5
370,3
370,0
369,4
369,2
368,5
368,2
367,5
367,3
367,0
366,2
366,0
365,2
364,3
364,0
363,3
363,0
362,288
362,286
362,283
362,280
362,277
362,275
362,272
362,269
362,267
362,264
362,261
362,259
362,256
362,253
362,250
362,248
362,245
362,242
362,240
362,237
362,234
362,231
362,229
362,226
362,223
362,221
362,218
362,215
362,212
362,210
362,207
362,204
362,202
362,199
362,196
362,193
362,191
362,188
362,185
362,183
362,180
362,177
362,175
362,172
362,169
362,166
362,164
362,161
362,158
362,156
362,153
362,150
362,147
362,145
362,142
362,139
362,137
362,134
362,131
362,128
362,126
362,123
362,120
362,118
362,115
362,112
362,110
362,107
362,104
362,101
362,99
362,96
362,93
362,91
362,88
362,85
362,82
362,80
362,77
362,74
362,72
362,69
362,66
362,56
362,54
362,51
362,48
362,46
362,43
362,40
0,313
0,243
0,9
0,1
0,300
0,299
0,298
0,297
0,296
0,295
0,294
0,293
0,292
0,291
0,290
0,289
0,288
0,287
0,286
0,285
0,284
0,283
0,282
0,281
0,280
0,279
0,278
0,277
0,276
0,275
0,274
0,273
0,272
0,271
0,270
0,269
0,268
0,267
0,266
0,265
0,264
0,263
0,262
0,261
0,260
0,259
0,258
0,257
0,256
0,255
0,254
0,253
0,252
0,251
0,250
0,249
0,248
0,247
0,246
0,245
0,244
0,242
0,241
0,240
0,239
0,238
0,237
0,236
0,235
0,234
0,233
0,232
0,231
0,230
0,229
0,228
0,227
0,226
0,225
0,224
0,223
0,222
0,221
0,220
0,219
0,218
0,217
0,216
0,215
0,214
0,213
0,212
0,211
0,210
0,209
0,208
0,207
0,206
0,205
0,204
0,203
0,202
0,201
0,200
0,199
0,198
0,197
0,196
0,195
0,194
0,193
0,192
0,63
0,62
0,61
0,60
0,59
0,58
0,57
0,56
0,55
0,54
0,53
0,52
0,51
0,50
0,49
0,48
0,47
0,46
0,45
0,6
0,0
0,5
0,304
0,303
0,306
0,305
0,302
0,12
0,308
0,10
0,8
0,11
0,2
0,4
0,3
0,7
